"Macrophage"	"normal"	"unlabeled"	"malignant"	"T-cell"	"B-cell"	"NK"	"Endothelial"	"CAF"
"Macrophage"	42	46	242	16	101	21	16	27	7
"normal"	46	31	305	23	188	31	24	16	12
"unlabeled"	242	305	1655	244	1093	157	137	51	160
"malignant"	16	23	244	36	31	26	7	8	11
"T-cell"	101	188	1093	31	459	63	83	23	61
"B-cell"	21	31	157	26	63	23	4	17	36
"NK"	16	24	137	7	83	4	4	2	5
"Endothelial"	27	16	51	8	23	17	2	3	2
"CAF"	7	12	160	11	61	36	5	2	10
