"Macrophage"	"normal"	"unlabeled"	"malignant"	"T-cell"	"B-cell"	"NK"	"Endothelial"	"CAF"
"Macrophage"	44	42	229	24	100	20	19	28	9
"normal"	42	34	307	20	203	33	22	14	12
"unlabeled"	229	307	1625	230	1107	174	127	50	157
"malignant"	24	20	230	32	22	23	3	9	10
"T-cell"	100	203	1107	22	437	78	71	23	58
"B-cell"	20	33	174	23	78	30	4	11	25
"NK"	19	22	127	3	71	4	4	2	5
"Endothelial"	28	14	50	9	23	11	2	2	3
"CAF"	9	12	157	10	58	25	5	3	8
