"Macrophage"	"normal"	"unlabeled"	"malignant"	"T-cell"	"B-cell"	"NK"	"Endothelial"	"CAF"
"Macrophage"	43	39	243	20	97	21	15	29	11
"normal"	39	37	318	23	196	30	17	13	10
"unlabeled"	243	318	1606	247	1093	158	141	47	162
"malignant"	20	23	247	35	24	20	4	7	8
"T-cell"	97	196	1093	24	438	57	83	25	71
"B-cell"	21	30	158	20	57	25	4	16	33
"NK"	15	17	141	4	83	4	6	3	5
"Endothelial"	29	13	47	7	25	16	3	4	3
"CAF"	11	10	162	8	71	33	5	3	9
