"Macrophage"	"normal"	"unlabeled"	"malignant"	"T-cell"	"B-cell"	"NK"	"Endothelial"	"CAF"
"Macrophage"	6.04050816732376e-22	2.05961664375104e-07	2.25456164047308e-14	0.897368877381398	4.90933780323086e-05	0.340085201430365	2.94591703218173e-12	1.54129685939566e-21	0.00143142702846775
"normal"	2.05961664375104e-07	0.867295759987797	0.803299336373777	0.999999999999971	0.000302059692809306	0.962728238367354	1.11504951512518e-07	0.00160056687924549	0.0414985649234561
"unlabeled"	2.25456164047308e-14	0.803299336373777	1	1	0.999839818253374	1	2.88456963361714e-23	0.286226181067721	7.94325496139785e-29
"malignant"	0.897368877381398	0.999999999999971	1	1	1	0.999999999999961	0.994828216605956	0.647805181781878	0.774890565961288
"T-cell"	4.90933780323086e-05	0.000302059692809306	0.999839818253374	1	0.999999999999898	0.999999999999999	1.68078571821764e-16	0.457124909019318	2.35631379049915e-07
"B-cell"	0.340085201430365	0.962728238367354	1	0.999999999999961	0.999999999999999	0.995215502192378	0.78122428366906	0.0339180180125092	2.6404857987971e-07
"NK"	2.94591703218173e-12	1.11504951512518e-07	2.88456963361714e-23	0.994828216605956	1.68078571821764e-16	0.78122428366906	0.00121672299713451	0.0602482432635308	0.000824586268769672
"Endothelial"	1.54129685939566e-21	0.00160056687924549	0.286226181067721	0.647805181781878	0.457124909019318	0.0339180180125092	0.0602482432635308	0.0452242338692853	0.0240968536870085
"CAF"	0.00143142702846775	0.0414985649234561	7.94325496139785e-29	0.774890565961288	2.35631379049915e-07	2.6404857987971e-07	0.000824586268769672	0.0240968536870085	3.98359344165454e-06
