"Macrophage"	"normal"	"unlabeled"	"malignant"	"T-cell"	"B-cell"	"NK"	"Endothelial"	"CAF"
"Macrophage"	3.10356585467381e-19	0.000196752016559823	4.34216186831444e-16	1	0.0104101636629292	1	7.1557986473743e-07	8.97883841761467e-21	0.00562129000239395
"normal"	0.000196752016559823	1	1	1	0.0945998509854892	1	0.00396963974211738	0.195816447099791	1
"unlabeled"	4.34216186831444e-16	1	1	1	1	1	4.90675695919751e-28	1	3.31016535167738e-29
"malignant"	1	1	1	1	1	1	1	1	1
"T-cell"	0.0104101636629292	0.0945998509854892	1	1	1	1	3.66984682438701e-21	1	1.92077195343252e-10
"B-cell"	1	1	1	1	1	1	1	0.0223636049048354	2.88518289804935e-10
"NK"	7.1557986473743e-07	0.00396963974211738	4.90675695919751e-28	1	3.66984682438701e-21	1	0.000935697975955247	0.560762729041329	0.0431196816304069
"Endothelial"	8.97883841761467e-21	0.195816447099791	1	1	1	0.0223636049048354	0.560762729041329	0.0611288172633515	1
"CAF"	0.00562129000239395	1	3.31016535167738e-29	1	1.92077195343252e-10	2.88518289804935e-10	0.0431196816304069	1	2.85090861379189e-05
